COUCH@0.0=1092616192;1122398340;0,1092616192;1122398340;-1045430272,1092616192;1122398340;1102053376,1121748850;1119434032;-1031472144,1113325568;1103626244;-1045430272,1110834551;1103626244;-1043559995,1117554565;1103626244;-1051442453,-1033132064;1104638748;1102053376,-1038235906;1123415193;1102053376,-1035575144;1123415193;1102053376,-1050049952;1123415193;1102053376,1107778691;1130943463;0,1107778691;1130943463;0,1107778691;1130943463;0,1107778691;1130943463;-1036517376,1107778691;1130943463;0,1107778691;1130943463;0,1107778691;1130943463;1110966272,1117681226;1126664385;-1034225478,1120438130;1121400112;-1038929101,1120438130;1121400112;-1038929101,1120688758;1120686004;-1039356703,1120939385;1119971896;-1039784305,1121357098;1118781716;-1040806560,1117681226;1126664385;1113258170,1120438130;1121400112;1108554547,1120438130;1121400112;1108554547,1120688758;1120686004;1108126945,1120939385;1119971896;1107699343,1121357098;1118781716;1106677088,1104160849;1129880976;0,1100060572;1128818489;0,1092616192;1122398340;0,|0;true;false
COUCH@0.05=1091305472;1122478812;0,1091305472;1122478812;-1045430272,1091305472;1122478812;1102053376,1121594525;1119557744;-1031471777,1113325566;1103626244;-1045430272,1110822365;1103626244;-1043626236,1117569478;1103626244;-1051118102,-1033387040;1104074200;1102053376,-1038175754;1123304972;1102053376,-1035514992;1123304972;1102053376,-1049809344;1123304972;1102053376,1106834021;1131002627;0,1106834021;1131002627;0,1106834021;1131002627;0,1106834021;1131002627;-1036517376,1106834021;1131002627;0,1106834021;1131002627;0,1106834021;1131002627;1110966272,1117323773;1126713082;-1034555286,1120283805;1121523825;-1038929101,1120283805;1121523825;-1038929101,1120552899;1120812110;-1039326721,1120821993;1120100395;-1039724340,1121270482;1118914203;-1040586686,1117323773;1126713082;1112928362,1120283805;1121523825;1108554547,1120283805;1121523825;1108554547,1120552899;1120812110;1108156927,1120821993;1120100395;1107759308,1121270482;1118914203;1106896962,1108062091;1132155645;0,1109059044;1132885371;0,1091305472;1122478812;0,|0;true;false
COUCH@0.1=1089470464;1122556778;0,1089470464;1122556778;-1045430272,1089470464;1122556778;1102053376,1121439780;1119677528;-1031471496,1113325566;1103626248;-1045430272,1110811028;1103626248;-1043690442,1117583356;1103626248;-1050803710,-1033651084;1103531500;1102053376,-1038123940;1123198239;1102053376,-1035463178;1123198239;1102053376,-1049602088;1123198239;1102053376,1105405134;1131059330;0,1105405134;1131059330;0,1105405134;1131059330;0,1105405134;1131059330;-1036517376,1105405134;1131059330;0,1105405134;1131059330;0,1105405134;1131059330;1110966272,1117004922;1126778439;-1034727244,1120106127;1121684888;-1038923031,1120106127;1121684888;-1038923031,1120388055;1120975932;-1039304466,1120669982;1120266976;-1039685901,1121139862;1119085382;-1040455862,1117004922;1126778439;1112756404,1120106127;1121684888;1108560617,1120106127;1121684888;1108560617,1120388055;1120975932;1108179182,1120669982;1120266976;1107797747,1121139862;1119085382;1107027786,1107309943;1132214345;0,1108269191;1132915720;0,1089470464;1122556778;0,|1052300800;true;false
COUCH@0.15=1086849024;1122632282;0,1086849024;1122632282;-1045430272,1086849024;1122632282;1102053376,1121284641;1119793505;-1031471299,1113325564;1103626244;-1045430272,1110800472;1103626244;-1043752698,1117596275;1103626244;-1050498870,-1033923836;1103010932;1102053376,-1038080124;1123095063;1102053376,-1035419362;1123095063;1102053376,-1049426824;1123095063;1102053376,1103974505;1131113592;0,1103974505;1131113592;0,1103974505;1131113592;0,1103974505;1131113592;-1036517376,1103974505;1131113592;0,1103974505;1131113592;0,1103974505;1131113592;1110966272,1116730235;1126862126;-1034722898,1119904993;1121880913;-1038911252,1119904993;1121880913;-1038911252,1120193607;1121174561;-1039292012,1120482222;1120468210;-1039672771,1120963246;1119290957;-1040427348,1116730235;1126862126;1112760750,1119904993;1121880913;1108572396,1119904993;1121880913;1108572396,1120193607;1121174561;1108191636,1120482222;1120468210;1107810877,1120963246;1119290957;1107056300,1105777588;1132271509;0,1107438463;1132945753;0,1086849024;1122632282;0,|1065913472;true;false
COUCH@0.2=1084227584;1122705366;0,1084227584;1122705366;-1045430272,1084227584;1122705366;1102053376,1121129139;1119905774;-1031471186,1113325567;1103626240;-1045430272,1110790646;1103626240;-1043813082,1117608309;1103626240;-1050203198,-1034204900;1102512852;1102053376,-1038043982;1122995529;1102053376,-1035383220;1122995529;1102053376,-1049282256;1122995529;1102053376,1102542313;1131165431;0,1102542313;1131165431;0,1102542313;1131165431;0,1102542313;1131165431;-1036517376,1102542313;1131165431;0,1102542313;1131165431;0,1102542313;1131165431;1110966272,1116453978;1126943576;-1034718460,1119701601;1122072995;-1038899496,1119701601;1122072995;-1038899496,1119996839;1121369296;-1039279590,1120292078;1120665598;-1039659684,1120784142;1119492767;-1040398957,1116453978;1126943576;1112765188,1119701601;1122072995;1108584152,1119701601;1122072995;1108584152,1119996839;1121369296;1108204058,1120292078;1120665598;1107823964,1120784142;1119492767;1107084691,1104229686;1132326069;0,1105917059;1132974394;0,1084227584;1122705366;0,|1071881344;true;false
COUCH@0.25=1081081856;1122776067;0,1081081856;1122776067;-1045430272,1081081856;1122776067;1102053376,1120973289;1120014434;-1031471154,1113325564;1103626244;-1045430272,1110781484;1103626244;-1043871673,1117619519;1103626244;-1049916304,-1034493902;1102037540;1102053376,-1038015179;1122899702;1102053376,-1035354418;1122899702;1102053376,-1049167044;1122899702;1102053376,1101108655;1131214864;0,1101108655;1131214864;0,1101108655;1131214864;0,1101108655;1131214864;-1036517376,1101108655;1131214864;0,1101108655;1131214864;0,1101108655;1131214864;1110966272,1116176197;1127022801;-1034713937,1119496012;1122261156;-1038887770,1119496012;1122261156;-1038887770,1119797813;1121560158;-1039267209,1120099615;1120859161;-1039646649,1120602617;1119690832;-1040370703,1116176197;1127022801;1112769711,1119496012;1122261156;1108595878,1119496012;1122261156;1108595878,1119797813;1121560158;1108216439,1120099615;1120859161;1107836999,1120602617;1119690832;1107112945,1102680037;1132378044;0,1104251419;1133001652;0,1081081856;1122776067;0,|1075817216;true;false
COUCH@0.3=1075838974;1122844425;0,1075838974;1122844425;-1045430272,1075838974;1122844425;1102053376,1120817124;1120119576;-1031471206,1113325567;1103626244;-1045430272,1110772949;1103626244;-1043928549,1117629972;1103626244;-1049637807,-1034790498;1101585260;1102053376,-1037993388;1122807647;1102053376,-1035332626;1122807647;1102053376,-1049079880;1122807647;1102053376,1099673573;1131261909;0,1099673573;1131261909;0,1099673573;1131261909;0,1099673573;1131261909;-1036517376,1099673573;1131261909;0,1099673573;1131261909;0,1099673573;1131261909;1110966272,1115896940;1127099819;-1034709334,1119288286;1122445424;-1038876081,1119288286;1122445424;-1038876081,1119596590;1121747174;-1039254876,1119904895;1121048925;-1039633672,1120418735;1119885176;-1040342602,1115896940;1127099819;1112774314,1119288286;1122445424;1108607567,1119288286;1122445424;1108607567,1119596590;1121747174;1108228772,1119904895;1121048925;1107849976,1120418735;1119885176;1107141046,1101128699;1132427450;0,1102583825;1133027535;0,1075838974;1122844425;0,|1078843072;true;false
COUCH@0.35=1067450368;1122910474;0,1067450368;1122910474;-1045430272,1067450368;1122910474;1102053376,1120660661;1120221284;-1031471340,1113325570;1103626248;-1045430272,1110764990;1103626248;-1043983786,1117639720;1103626248;-1049367338,-1035094244;1101156356;1102053376,-1037978284;1122719442;1102053376,-1035317522;1122719442;1102053376,-1049019464;1122719442;1102053376,1097567061;1131306579;0,1097567061;1131306579;0,1097567061;1131306579;0,1097567061;1131306579;-1036517376,1097567061;1131306579;0,1097567061;1131306579;0,1097567061;1131306579;1110966272,1115547695;1127174635;-1034704659,1119078501;1122625789;-1038864440,1119078501;1122625789;-1038864440,1119393248;1121930334;-1039242602,1119707996;1121234879;-1039620764,1120232574;1120075787;-1040314674,1115547695;1127174635;1112778989,1119078501;1122625789;1108619208,1119078501;1122625789;1108619208,1119393248;1121930334;1108241046,1119707996;1121234879;1107862884,1120232574;1120075787;1107168974,1099575953;1132468190;0,1100914552;1133052050;0,1067450368;1122910474;0,|1081886464;true;false
COUCH@0.4=0;1122974246;0,0;1122974246;-1045430272,0;1122974246;1102053376,1120503913;1120319643;-1031471556,1113325567;1103626248;-1045430272,1110757558;1103626248;-1044037459,1117648813;1103626248;-1049104524,-1035404814;1100751024;1102053376,-1037969543;1122635136;1102053376,-1035308782;1122635136;1102053376,-1048984500;1122635136;1102053376,1094692369;1131348890;0,1094692369;1131348890;0,1094692369;1131348890;0,1094692369;1131348890;-1036517376,1094692369;1131348890;0,1094692369;1131348890;0,1094692369;1131348890;1110966272,1114983640;1127247259;-1034699917,1118866705;1122802281;-1038852852,1118866705;1122802281;-1038852852,1119187837;1122109666;-1039230392,1119508969;1121417051;-1039607931,1120044189;1120262693;-1040286935,1114983640;1127247259;1112783731,1118866705;1122802281;1108630796,1118866705;1122802281;1108630796,1119187837;1122109666;1108253256,1119508969;1121417051;1107875717,1120044189;1120262693;1107196713,1097136085;1132490344;0,1099243724;1133075203;0,0;1122974246;0,|1083538208;true;false
COUCH@0.45=-1080033280;1123035775;0,-1080033280;1123035775;-1045430272,-1080033280;1123035775;1102053376,1120346905;1120414727;-1031471854,1113325570;1103626248;-1045430272,1110750628;1103626248;-1044089640,1117657302;1103626248;-1048849015,-1035721830;1100369524;1102053376,-1037966842;1122554792;1102053376,-1035306080;1122554792;1102053376,-1048973696;1122554792;1102053376,1091815690;1131388858;0,1091815690;1131388858;0,1091815690;1131388858;0,1091815690;1131388858;-1036517376,1091815690;1131388858;0,1091815690;1131388858;0,1091815690;1131388858;1110966272,1114416956;1127317706;-1034695114,1118652962;1122974914;-1038841324,1118652962;1122974914;-1038841324,1118980421;1122285184;-1039218252,1119307881;1121595455;-1039595180,1119853646;1120445905;-1040259396,1114416956;1127317706;1112788534,1118652962;1122974914;1108642324,1118652962;1122974914;1108642324,1118980421;1122285184;1108265396,1119307881;1121595455;1107888468,1119853646;1120445905;1107224252,1094025485;1132511237;0,1096235280;1133097005;0,-1080033280;1123035775;0,|1085075296;true;false
COUCH@0.5=-1071644672;1123095090;0,-1071644672;1123095090;-1045430272,-1071644672;1123095090;1102053376,1120189651;1120506608;-1031472236,1113325566;1103626248;-1045430272,1110744150;1103626248;-1044140399,1117665224;1103626248;-1048600473,-1036044902;1100012088;1102053376,-1037969858;1122478464;1102053376,-1035309096;1122478464;1102053376,-1048985760;1122478464;1102053376,1087355660;1131426493;0,1087355660;1131426493;0,1087355660;1131426493;0,1087355660;1131426493;-1036517376,1087355660;1131426493;0,1087355660;1131426493;0,1087355660;1131426493;1110966272,1113847752;1127385981;-1034690255,1118437332;1123143690;-1038829862,1118437332;1123143690;-1038829862,1118771061;1122456890;-1039206190,1119104791;1121770090;-1039582518,1119661007;1120625423;-1040232070,1113847752;1127385981;1112793393,1118437332;1123143690;1108653786,1118437332;1123143690;1108653786,1118771061;1122456890;1108277458,1119104791;1121770090;1107901130,1119661007;1120625423;1107251578,1090912821;1132530871;0,1092888292;1133117455;0,-1071644672;1123095090;0,|1086618752;true;false
COUCH@0.55=-1066401792;1123152219;0,-1066401792;1123152219;-1045430272,-1066401792;1123152219;1102053376,1120032166;1120595355;-1031472700,1113325567;1103626244;-1045430272,1110738104;1103626244;-1044189804,1117672626;1103626244;-1048467279,-1036373723;1099678880;1102053376,-1037978277;1122406193;1102053376,-1035317516;1122406193;1102053376,-1049019436;1122406193;1102053376,1081060740;1131461811;0,1081060740;1131461811;0,1081060740;1131461811;0,1081060740;1131461811;-1036517376,1081060740;1131461811;0,1081060740;1131461811;0,1081060740;1131461811;1110966272,1113276076;1127452102;-1034685343,1118219858;1123308643;-1038818469,1118219858;1123308643;-1038818469,1118559802;1122624817;-1039194208,1118899747;1121940991;-1039569946,1119466320;1120801280;-1040204963,1113276076;1127452102;1112798305,1118219858;1123308643;1108665179,1118219858;1123308643;1108665179,1118559802;1122624817;1108289440,1118899747;1121940991;1107913702,1119466320;1120801280;1107278685,1085077215;1132549255;0,1088558844;1133136565;0,-1066401792;1123152219;0,|1088168192;true;false
COUCH@0.6=-1063256062;1123207190;0,-1063256062;1123207190;-1045430272,-1063256062;1123207190;1102053376,1119874467;1120681032;-1031473246,1113325569;1103626244;-1045430272,1110732458;1103626244;-1044237920,1117679542;1103626244;-1048349479,-1036707774;1099370212;1102053376,-1037991770;1122338051;1102053376,-1035331008;1122338051;1102053376,-1049073408;1122338051;1102053376,1065313296;1131494822;0,1065313296;1131494822;0,1065313296;1131494822;0,1065313296;1131494822;-1036517376,1065313296;1131494822;0,1065313296;1131494822;0,1065313296;1131494822;1110966272,1112702145;1127516060;-1034680386,1118000630;1123469739;-1038807155,1118000630;1123469739;-1038807155,1118346732;1122788929;-1039182316,1118692835;1122108119;-1039557477,1119269672;1120973436;-1040182745,1112702145;1127516060;1112803262,1118000630;1123469739;1108676493,1118000630;1123469739;1108676493,1118346732;1122788929;1108301332,1118692835;1122108119;1107926171,1119269672;1120973436;1107300903,1075560592;1132566395;0,1081583644;1133154339;0,-1063256062;1123207190;0,|1089722080;true;false
COUCH@0.65=-1060634624;1123260026;0,-1060634624;1123260026;-1045430272,-1060634624;1123260026;1102053376,1119716563;1120763702;-1031473876,1113325568;1103626244;-1045430272,1110727178;1103626244;-1044284809,1117686004;1103626244;-1048234680,-1037046840;1099086148;1102053376,-1038010030;1122274058;1102053376,-1035349268;1122274058;1102053376,-1049146448;1122274058;1102053376,-1075831576;1131525540;0,-1075831576;1131525540;0,-1075831576;1131525540;0,-1075831576;1131525540;-1036517376,-1075831576;1131525540;0,-1075831576;1131525540;0,-1075831576;1131525540;1110966272,1112125930;1127577881;-1034675383,1117779666;1123627034;-1038795918,1117779666;1123627034;-1038795918,1118131872;1122949283;-1039170512,1118484079;1122271533;-1039545106,1119071089;1121141948;-1040169430,1112125930;1127577881;1112808265,1117779666;1123627034;1108687730,1117779666;1123627034;1108687730,1118131872;1122949283;1108313136,1118484079;1122271533;1107938542,1119071089;1121141948;1107314218,-1089861296;1132582296;0,1059858224;1133170782;0,-1060634624;1123260026;0,|1090899808;true;false
COUCH@0.7=-1058013184;1123310754;0,-1058013184;1123310754;-1045430272,-1058013184;1123310754;1102053376,1119558470;1120843416;-1031474592,1113325566;1103626244;-1045430272,1110722242;1103626244;-1044330533,1117692042;1103626244;-1048122737,-1037390462;1098746192;1102053376,-1038032733;1122214267;1102053376,-1035371972;1122214267;1102053376,-1049237260;1122214267;1102053376,-1064304820;1131553975;0,-1064304820;1131553975;0,-1064304820;1131553975;0,-1064304820;1131553975;-1036517376,-1064304820;1131553975;0,-1064304820;1131553975;0,-1064304820;1131553975;1110966272,1111547594;1127637562;-1034670341,1117557041;1123780506;-1038784767,1117557041;1123780506;-1038784767,1117915297;1123105856;-1039158806,1118273552;1122431207;-1039532844,1118870645;1121306791;-1040156242,1111547594;1127637562;1112813307,1117557041;1123780506;1108698881,1117557041;1123780506;1108698881,1117915297;1123105856;1108324842,1118273552;1122431207;1107950804,1118870645;1121306791;1107327406,-1067396434;1132596964;0,-1071536444;1133185901;0,-1058013184;1123310754;0,|1091680800;true;false
COUCH@0.75=-1056178176;1123359395;0,-1056178176;1123359395;-1045430272,-1056178176;1123359395;1102053376,1119400199;1120920237;-1031475388,1113325566;1103626248;-1045430272,1110717630;1103626248;-1044375148,1117697688;1103626248;-1048013506,-1037738289;1098277680;1102053376,-1038059566;1122158714;1102053376,-1035398804;1122158714;1102053376,-1049344592;1122158714;1102053376,-1058538946;1131580138;0,-1058538946;1131580138;0,-1058538946;1131580138;0,-1058538946;1131580138;-1036517376,-1058538946;1131580138;0,-1058538946;1131580138;0,-1058538946;1131580138;1110966272,1110967220;1127695114;-1034665264,1117332806;1123930176;-1038773704,1117332806;1123930176;-1038773704,1117697057;1123258669;-1039147198,1118061308;1122587162;-1039520693,1118668394;1121467983;-1040143184,1110967220;1127695114;1112818384,1117332806;1123930176;1108709944,1117332806;1123930176;1108709944,1117697057;1123258669;1108336450,1118061308;1122587162;1107962955,1118668394;1121467983;1107340464,-1060137521;1132610404;0,-1061736096;1133199699;0,-1056178176;1123359395;0,|1092463248;true;false
COUCH@0.8=-1054867456;1123405970;0,-1054867456;1123405970;-1045430272,-1054867456;1123405970;1102053376,1119241760;1120994209;-1031476271,1113325566;1103626244;-1045430272,1110713318;1103626244;-1044418712,1117702966;1103626244;-1047906850,-1038090240;1097859072;1102053376,-1038090240;1122107392;1102053376,-1035429478;1122107392;1102053376,-1049467288;1122107392;1102053376,-1054867456;1131604041;0,-1054867456;1131604041;0,-1054867456;1131604041;0,-1054867456;1131604041;-1036517376,-1054867456;1131604041;0,-1054867456;1131604041;0,-1054867456;1131604041;1110966272,1110384681;1127750566;-1034660147,1117106947;1124074796;-1038762722,1117106947;1124074796;-1038762722,1117477145;1123407798;-1039135683,1117847342;1122739476;-1039508645,1118464338;1121625607;-1040130247,1110384681;1127750566;1112823501,1117106947;1124074796;1108720926,1117106947;1124074796;1108720926,1117477145;1123407798;1108347965,1117847342;1122739476;1107975003,1118464338;1121625607;1107353401,-1055430945;1132622622;0,-1055994434;1133212183;0,-1054867456;1123405970;0,|1093247632;true;false
COUCH@0.85=-1053556736;1123450502;0,-1053556736;1123450502;-1045430272,-1053556736;1123450502;1102053376,1119083166;1121065384;-1031477239,1113325568;1103626244;-1045430272,1110709289;1103626244;-1044461277,1117707902;1103626244;-1047802638,-1038445700;1097490944;1102053376,-1038124423;1122060372;1102053376,-1035463870;1122043734;1102053376,-1049601984;1122101105;1102053376,-1051983135;1131625692;0,-1051983135;1131625692;0,-1051983135;1131625692;0,-1051983135;1131625692;-1036517376,-1051983135;1131625692;0,-1051983135;1131625692;0,-1051983135;1131625692;1110966272,1109800260;1127803902;-1034655000,1116879571;1124145874;-1038751832,1116879571;1124145874;-1038751832,1117255663;1123553180;-1039124271,1117631754;1122888084;-1039496710,1118258574;1121779591;-1040117442,1109800260;1127803902;1112828648,1116879571;1124145874;1108731816,1116879571;1124145874;1108731816,1117255663;1123553180;1108359377,1117631754;1122888084;1107986938,1118258574;1121779591;1107366206,-1052310450;1132633621;0,-1052637766;1133223356;0,-1053556736;1123450502;0,|1094032992;true;false
COUCH@0.9=-1052246016;1123493007;0,-1052246016;1123493007;-1045430272,-1052246016;1123493007;1102053376,1118924423;1121133806;-1031478294,1113325564;1103626240;-1045430272,1110705517;1103626240;-1044502895,1117712513;1103626240;-1047700746,-1038804048;1097173736;1102053376,-1038161777;1122017710;1102053376,-1035501847;1121984450;1102053376,-1049745292;1122099141;1102053376,-1049100198;1131645102;0,-1049100198;1131645102;0,-1049100198;1131645102;0,-1049100198;1131645102;-1036517376,-1049100198;1131645102;0,-1049100198;1131645102;0,-1049100198;1131645102;1110966272,1109214240;1127855112;-1034649830,1116650785;1124215034;-1038741047,1116650785;1124215034;-1038741047,1117032715;1123694764;-1039112976,1117414645;1123032932;-1039484904,1118051196;1121929878;-1040104786,1109214240;1127855112;1112833818,1116650785;1124215034;1108742601,1116650785;1124215034;1108742601,1117032715;1123694764;1108370672,1117414645;1123032932;1107998744,1118051196;1121929878;1107378862,-1049191174;1132643408;0,-1049282150;1133233225;0,-1052246016;1123493007;0,|1094818384;true;false
COUCH@0.95=-1050935296;1123533505;0,-1050935296;1123533505;-1045430272,-1050935296;1123533505;1102053376,1118765544;1121199522;-1031479434,1113325566;1103626248;-1045430272,1110701998;1103626248;-1044543616,1117716825;1103626248;-1047601052,-1039165206;1096907352;1102053376,-1038202016;1121979396;1102053376,-1035543125;1121929517;1102053376,-1049896072;1122101515;1102053376,-1047396814;1131662279;0,-1047396814;1131662279;0,-1047396814;1131662279;0,-1047396814;1131662279;-1036517376,-1047396814;1131662279;0,-1047396814;1131662279;0,-1047396814;1131662279;1110966272,1108626496;1127904223;-1034644632,1116420576;1124282313;-1038730358,1116420576;1124282313;-1038730358,1116808294;1123832625;-1039101788,1117196011;1123174096;-1039473217,1117842208;1122076548;-1040092266,1108626496;1127904223;1112839016,1116420576;1124282313;1108753290,1116420576;1124282313;1108753290,1116808294;1123832625;1108381860,1117196011;1123174096;1108010431,1117842208;1122076548;1107391382,-1047324222;1132651986;0,-1047251630;1133241793;0,-1050935296;1123533505;0,|1095604272;true;false
COUCH@1.0=-1049624576;1123572013;0,-1049624576;1123572013;-1045430272,-1049624576;1123572013;1102053376,1118606535;1121262567;-1031480666,1113325566;1103626244;-1045430272,1110698706;1103626244;-1044583485,1117720853;1103626244;-1047503439,-1039528831;1096691944;1102053376,-1038244835;1121945447;1102053376,-1035587399;1121878954;1102053376,-1050053102;1122108239;1102053376,-1045955807;1131677234;0,-1045955807;1131677234;0,-1045955807;1131677234;0,-1045955807;1131677234;-1036517376,-1045955807;1131677234;0,-1045955807;1131677234;0,-1045955807;1131677234;1110966272,1108037098;1127951242;-1034639411,1116188986;1124347717;-1038719768,1116188986;1124347717;-1038719768,1116582441;1123966776;-1039090710,1116975896;1123311589;-1039461651,1117631654;1122219612;-1040079887,1108037098;1127951242;1112844237,1116188986;1124347717;1108763880,1116188986;1124347717;1108763880,1116582441;1123966776;1108392938,1116975896;1123311589;1108021997,1117631654;1122219612;1107403761,-1045765113;1132659361;0,-1045574419;1133249065;0,-1049624576;1123572013;0,|1096390544;true;false
HALFKNEEL@0.0=0;1123706447;0,0;1123706447;-1045430272,0;1123706447;1102053376,1120535578;1121041860;-1031548410,1115815936;1103626240;-1045430272,1113333167;1103626240;-1044435308,1119015638;1103626240;-1047866218,-1046478848;1097859072;1102053376,-1024720896;1097859072;1102053376,-1023400346;1097859072;1102053376,-1027978035;1097859072;1102053376,0;1131754280;0,0;1131754280;0,0;1131754280;0,0;1131754280;-1036517376,0;1131754280;0,0;1131754280;0,0;1131754280;1110966272,1112879524;1127872480;-1034647254,1118296183;1124180156;-1038741342,1118296183;1124180156;-1038741342,1118661091;1123615508;-1039113532,1119025999;1122944177;-1039485722,1119634179;1121825291;-1040106038,1112879524;1127872480;1112836394,1118296183;1124180156;1108742306,1118296183;1124180156;1108742306,1118661091;1123615508;1108370116,1119025999;1122944177;1107997926,1119634179;1121825291;1107377610,0;1130574632;0,0;1129394984;0,0;1123706447;0,|1094796816;true;false
HALFKNEEL@0.05=1067450368;1123675750;0,1067450368;1123675750;-1045430272,1067450368;1123675750;1102053376,1120692070;1120970928;-1031550280,1115815935;1103626248;-1045430272,1113337246;1103626248;-1044393345,1119010641;1103626248;-1047968954,-1046767450;1097749024;1102053376,-1024793208;1097234875;1102053376,-1023462827;1097234875;1102053376,-1028050347;1097234875;1102053376,1059474389;1131738832;0,1059474389;1131738832;0,1059474389;1131738832;0,1059474389;1131738832;-1036517376,1059474389;1131738832;0,1059474389;1131738832;0,1059474389;1131738832;1110966272,1113075802;1127863019;-1034642930,1118406884;1124173856;-1038733255,1118406884;1124173856;-1038733255,1118772934;1123603483;-1039105103,1119138984;1122932726;-1039476951,1119749068;1121814798;-1040096697,1113075802;1127863019;1112840718,1118406884;1124173856;1108750393,1118406884;1124173856;1108750393,1118772934;1123603483;1108378545,1119138984;1122932726;1108006697,1119749068;1121814798;1107386951,1054505616;1132690235;0,1045478125;1133280014;0,1067450368;1123675750;0,|1095390560;true;false
HALFKNEEL@0.1=1075838976;1123643121;0,1075838976;1123643121;-1045430272,1075838976;1123643121;1102053376,1120848274;1120897276;-1031552154,1115815935;1103626248;-1045430272,1113341601;1103626248;-1044350426,1119005310;1103626248;-1048074032,-1047055054;1097628744;1102053376,-1024865590;1096600455;1102053376,-1023535209;1096600455;1102053376,-1028122729;1096600455;1102053376,1067863092;1131722222;0,1067863092;1131722222;0,1067863092;1131722222;0,1067863092;1131722222;-1036517376,1067863092;1131722222;0,1067863092;1131722222;0,1067863092;1131722222;1110966272,1113271493;1127852282;-1034638620,1118517026;1124166222;-1038725205,1118517026;1124166222;-1038725205,1118884194;1123588779;-1039096713,1119251362;1122918586;-1039468220,1119863309;1121801598;-1040087400,1113271493;1127852282;1112845028,1118517026;1124166222;1108758443,1118517026;1124166222;1108758443,1118884194;1123588779;1108386935,1119251362;1122918586;1108015428,1119863309;1121801598;1107396248,1065509464;1132681903;0,1060958456;1133271655;0,1075838976;1123643121;0,|1095985936;true;false
HALFKNEEL@0.15=1081081857;1123608547;0,1081081857;1123608547;-1045430272,1081081857;1123608547;1102053376,1121004177;1120820871;-1031554030,1115815936;1103626240;-1045430272,1113346251;1103626240;-1044306502,1118999621;1103626240;-1048181572,-1047341126;1097498384;1102053376,-1024937912;1095956791;1102053376,-1023607531;1095956791;1102053376,-1028195051;1095956791;1102053376,1073320568;1131704444;0,1073320568;1131704444;0,1073320568;1131704444;0,1073320568;1131704444;-1036517376,1073320568;1131704444;0,1073320568;1131704444;0,1073320568;1131704444;1110966272,1113466764;1127840244;-1034634326,1118626648;1124157216;-1038717198,1118626648;1124157216;-1038717198,1118994906;1123571318;-1039088368,1119363163;1122901677;-1039459538,1119976926;1121785608;-1040078156,1113466764;1127840244;1112849322,1118626648;1124157216;1108766450,1118626648;1124157216;1108766450,1118994906;1123571318;1108395280,1119363163;1122901677;1108024110,1119976926;1121785608;1107405492,1070211224;1132672961;0,1067101880;1133262660;0,1081081857;1123608547;0,|1096582432;true;false
HALFKNEEL@0.2=1084227584;1123572013;0,1084227584;1123572013;-1045430272,1084227584;1123572013;1102053376,1121159762;1120741669;-1031555909,1115815936;1103626240;-1045430272,1113351212;1103626240;-1044261518,1118993548;1103626240;-1048291705,-1047626282;1097357664;1102053376,-1025010324;1095302387;1102053376,-1023679943;1095302387;1102053376,-1028267463;1095302387;1102053376,1076258075;1131685490;0,1076258075;1131685490;0,1076258075;1131685490;0,1076258075;1131685490;-1036517376,1076258075;1131685490;0,1076258075;1131685490;0,1076258075;1131685490;1110966272,1113661340;1127826916;-1034630044,1118735664;1124146861;-1038709222,1118735664;1124146861;-1038709222,1119104988;1123551149;-1039080056,1119474311;1122882048;-1039450890,1120089851;1121766881;-1040068948,1113661340;1127826916;1112853604,1118735664;1124146861;1108774426,1118735664;1124146861;1108774426,1119104988;1123551149;1108403592,1119474311;1122882048;1108032758,1120089851;1121766881;1107414700,1074326505;1132663416;0,1071048046;1133253047;0,1084227584;1123572013;0,|1097180976;true;false
HALFKNEEL@0.25=1086849024;1123533505;0,1086849024;1123533505;-1045430272,1086849024;1123533505;1102053376,1121315016;1120659626;-1031557789,1115815936;1103626248;-1045430272,1113356509;1103626248;-1044215419,1118987064;1103626248;-1048404567,-1047910308;1097206616;1102053376,-1025082776;1094637531;1102053376,-1023752395;1094637531;1102053376,-1028339915;1094637531;1102053376,1078984344;1131665350;0,1078984344;1131665350;0,1078984344;1131665350;0,1078984344;1131665350;-1036517376,1078984344;1131665350;0,1078984344;1131665350;0,1078984344;1131665350;1110966272,1113855266;1127812278;-1034625775,1118844073;1124135135;-1038701278,1118844073;1124135135;-1038701278,1119214437;1123528226;-1039071778,1119584802;1122859655;-1039442279,1120202076;1121745369;-1040059779,1113855266;1127812278;1112857873,1118844073;1124135135;1108782370,1118844073;1124135135;1108782370,1119214437;1123528226;1108411870,1119584802;1122859655;1108041369,1120202076;1121745369;1107423869,1076675537;1132653263;0,1074366730;1133242811;0,1086849024;1123533505;0,|1097781472;true;false
HALFKNEEL@0.3=1089470465;1123493007;0,1089470465;1123493007;-1045430272,1089470465;1123493007;1102053376,1121469923;1120574698;-1031559669,1115815936;1103626248;-1045430272,1113362165;1103626248;-1044168150,1118980141;1103626248;-1048520294,-1048192626;1097045408;1102053376,-1025155120;1093963298;1102053376,-1023824739;1093963298;1102053376,-1028412259;1093963298;1102053376,1081714449;1131644022;0,1081714449;1131644022;0,1081714449;1131644022;0,1081714449;1131644022;-1036517376,1081714449;1131644022;0,1081714449;1131644022;0,1081714449;1131644022;1110966272,1114048717;1127796307;-1034621519,1118951920;1124121996;-1038693372,1118951920;1124121996;-1038693372,1119323295;1123502464;-1039063540,1119694671;1122834407;-1039433709,1120313630;1121720980;-1040050656,1114048717;1127796307;1112862129,1118951920;1124121996;1108790276,1118951920;1124121996;1108790276,1119323295;1123502464;1108420108,1119694671;1122834407;1108049939,1120313630;1121720980;1107432992,1079028075;1132642501;0,1076341701;1133231951;0,1089470465;1123493007;0,|1098383392;true;false
HALFKNEEL@0.35=1091305472;1123450502;0,1091305472;1123450502;-1045430272,1091305472;1123450502;1102053376,1121624463;1120486830;-1031561548,1115815936;1103626240;-1045430272,1113368206;1103626240;-1044119654,1118972746;1103626240;-1048702055,-1048474115;1096873624;1102053376,-1025227581;1093277567;1102053376,-1023897200;1093277567;1102053376,-1028484720;1093277567;1102053376,1083285233;1131621490;0,1083285233;1131621490;0,1083285233;1131621490;0,1083285233;1131621490;-1036517376,1083285233;1131621490;0,1083285233;1131621490;0,1083285233;1131621490;1110966272,1114241312;1127779016;-1034617271,1119059076;1124107476;-1038685489,1119059076;1124107476;-1038685489,1119431438;1123473927;-1039055327,1119803801;1122806375;-1039425165,1120424405;1121693787;-1040041562,1114241312;1127779016;1112866377,1119059076;1124107476;1108798159,1119059076;1124107476;1108798159,1119431438;1123473927;1108428321,1119803801;1122806375;1108058483,1120424405;1121693787;1107442086,1081377149;1132631123;0,1078314264;1133220461;0,1091305472;1123450502;0,|1098947840;true;false
HALFKNEEL@0.4=1092616192;1123405970;0,1092616192;1123405970;-1045430272,1092616192;1123405970;1102053376,1121778622;1120395981;-1031563424,1115815936;1103626240;-1045430272,1113374660;1103626240;-1044069868,1118964845;1103626240;-1048945833,-1048931616;1096691616;1102053376,-1025299911;1092582292;1102053376,-1023969530;1092582292;1102053376,-1028557050;1092582292;1102053376,1084649692;1131597750;0,1084649692;1131597750;0,1084649692;1131597750;0,1084649692;1131597750;-1036517376,1084649692;1131597750;0,1084649692;1131597750;0,1084649692;1131597750;1110966272,1114433384;1127760361;-1034613036,1119165632;1124091512;-1038677640,1119165632;1124091512;-1038677640,1119538951;1123442488;-1039047150,1119912270;1122775425;-1039416659,1120534468;1121663652;-1040032508,1114433384;1127760361;1112870612,1119165632;1124091512;1108806008,1119165632;1124091512;1108806008,1119538951;1123442488;1108436498,1119912270;1122775425;1108066989,1120534468;1121663652;1107451140,1082929440;1132619126;0,1080287944;1133208337;0,1092616192;1123405970;0,|1099250992;true;false
HALFKNEEL@0.45=1093926912;1123359395;0,1093926912;1123359395;-1045430272,1093926912;1123359395;1102053376,1121932376;1120302089;-1031565298,1115815936;1103626236;-1045430272,1113381557;1103626236;-1044018731,1118956402;1103626236;-1049196226,-1049488088;1096499184;1102053376,-1025372198;1091876533;1102053376,-1024041817;1091876533;1102053376,-1028629337;1091876533;1102053376,1086014006;1131572792;0,1086014006;1131572792;0,1086014006;1131572792;0,1086014006;1131572792;-1036517376,1086014006;1131572792;0,1086014006;1131572792;0,1086014006;1131572792;1110966272,1114624747;1127740345;-1034608811,1119271518;1124074106;-1038669819,1119271518;1124074106;-1038669819,1119645765;1123408151;-1039039002,1120020011;1122741562;-1039408184,1120643756;1121630580;-1040023488,1114624747;1127740345;1112874837,1119271518;1124074106;1108813829,1119271518;1124074106;1108813829,1119645765;1123408151;1108444646,1120020011;1122741562;1108075464,1120643756;1121630580;1107460160,1084105302;1132606506;0,1082196598;1133195576;0,1093926912;1123359395;0,|1099555304;true;false
HALFKNEEL@0.5=1095237632;1123310754;0,1095237632;1123310754;-1045430272,1095237632;1123310754;1102053376,1122085708;1120205103;-1031567164,1115815936;1103626236;-1045430272,1113388930;1103626236;-1043966180,1118947376;1103626236;-1049453546,-1050041428;1096296272;1102053376,-1025444416;1091160286;1102053376,-1024114035;1091160286;1102053376,-1028701555;1091160286;1102053376,1087378300;1131546604;0,1087378300;1131546604;0,1087378300;1131546604;0,1087378300;1131546604;-1036517376,1087378300;1131546604;0,1087378300;1131546604;0,1087378300;1131546604;1110966272,1114815402;1127718949;-1034604594,1119376725;1124037004;-1038662025,1119376725;1124037004;-1038662025,1119751870;1123370875;-1039030882,1120127014;1122704746;-1039399740,1120752255;1121594531;-1040014502,1114815402;1127718949;1112879054,1119376725;1124037004;1108821623,1119376725;1124037004;1108821623,1119751870;1123370875;1108452766,1120127014;1122704746;1108083908,1120752255;1121594531;1107469146,1085281120;1132593255;0,1083183940;1133182168;0,1095237632;1123310754;0,|1099860784;true;false
HALFKNEEL@0.55=1096548352;1123260026;0,1096548352;1123260026;-1045430272,1096548352;1123260026;1102053376,1122238593;1120104962;-1031569025,1115815938;1103626244;-1045430272,1113396820;1103626244;-1043912149,1118937724;1103626244;-1049718112,-1050590948;1096083000;1102053376,-1025516474;1090349264;1102053376,-1024186093;1090349264;1102053376,-1028773613;1090349264;1102053376,1088743750;1131519178;0,1088743750;1131519178;0,1088743750;1131519178;0,1088743750;1131519178;-1036517376,1088743750;1131519178;0,1088743750;1131519178;0,1088743750;1131519178;1110966272,1115005428;1127696146;-1034600386,1119481255;1123996276;-1038654259,1119481255;1123996276;-1038654259,1119857265;1123330590;-1039022793,1120233275;1122664904;-1039391327,1120859958;1121555428;-1040005550,1115005428;1127696146;1112883262,1119481255;1123996276;1108829389,1119481255;1123996276;1108829389,1119857265;1123330590;1108460855,1120233275;1122664904;1108092321,1120859958;1121555428;1107478098,1086458032;1132579371;0,1084172314;1133168113;0,1096548352;1123260026;0,|1100167344;true;false
HALFKNEEL@0.6=1097859073;1123207190;0,1097859073;1123207190;-1045430272,1097859073;1123207190;1102053376,1122391006;1120001600;-1031570878,1115815936;1103626236;-1045430272,1113405253;1103626236;-1043856572,1118927395;1103626236;-1049990249,-1051137259;1095859128;1102053376,-1025588455;1088875345;1102053376,-1024258074;1088875345;1102053376,-1028845594;1088875345;1102053376,1090108652;1131490500;0,1090108652;1131490500;0,1090108652;1131490500;0,1090108652;1131490500;-1036517376,1090108652;1131490500;0,1090108652;1131490500;0,1090108652;1131490500;1110966272,1115194652;1127671933;-1034596186,1119585046;1123952551;-1038646515,1119585046;1123952551;-1038646515,1119961890;1123287293;-1039014727,1120338735;1122622034;-1039382938,1120966808;1121513270;-1039996624,1115194652;1127671933;1112887462,1119585046;1123952551;1108837133,1119585046;1123952551;1108837133,1119961890;1123287293;1108468921,1120338735;1122622034;1108100710,1120966808;1121513270;1107487024,1087634669;1132564846;0,1085160686;1133153402;0,1097859073;1123207190;0,|1100475280;true;false
HALFKNEEL@0.65=1099038720;1123152219;0,1099038720;1123152219;-1045430272,1099038720;1123152219;1102053376,1122542926;1119894952;-1031572720,1115815936;1103626248;-1045430272,1113414282;1103626248;-1043799379,1118916342;1103626248;-1050270297,-1051679476;1095624800;1102053376,-1025660244;1087381369;1102053376,-1024329863;1087381369;1102053376,-1028917383;1087381369;1102053376,1090996818;1131460558;0,1090996818;1131460558;0,1090996818;1131460558;0,1090996818;1131460558;-1036517376,1090996818;1131460558;0,1090996818;1131460558;0,1090996818;1131460558;1110966272,1115383192;1127646276;-1034591993,1119688117;1123905742;-1038638797,1119688117;1123905742;-1038638797,1120065761;1123240893;-1039006688,1120443406;1122576044;-1039374580,1121072813;1121467963;-1039987732,1115383192;1127646276;1112891655,1119688117;1123905742;1108844851,1119688117;1123905742;1108844851,1120065761;1123240893;1108476960,1120443406;1122576044;1108109068,1121072813;1121467963;1107495916,1088812184;1132549674;0,1086149772;1133138029;0,1099038720;1123152219;0,|1100784416;true;false
HALFKNEEL@0.7=1099694080;1123095090;0,1099694080;1123095090;-1045430272,1099694080;1123095090;1102053376,1122694322;1119784943;-1031574553,1115815936;1103626236;-1045430272,1113423950;1103626236;-1043740503,1118904507;1103626236;-1050558586,-1052218070;1095379800;1102053376,-1025731901;1085865738;1102053376,-1024401520;1085865738;1102053376,-1028989040;1085865738;1102053376,1091679600;1131429341;0,1091679600;1131429341;0,1091679600;1131429341;0,1091679600;1131429341;-1036517376,1091679600;1131429341;0,1091679600;1131429341;0,1091679600;1131429341;1110966272,1115570896;1127619170;-1034587805,1119790401;1123855839;-1038631098,1119790401;1123855839;-1038631098,1120168812;1123191382;-1038998670,1120547223;1122526925;-1039366242,1121177908;1121419496;-1039978862,1115570896;1127619170;1112895843,1119790401;1123855839;1108852550,1119790401;1123855839;1108852550,1120168812;1123191382;1108484978,1120547223;1122526925;1108117406,1121177908;1121419496;1107504786,1089989560;1132533850;0,1087138960;1133121990;0,1099694080;1123095090;0,|1101095048;true;false
HALFKNEEL@0.75=1100349440;1123035775;0,1100349440;1123035775;-1045430272,1100349440;1123035775;1102053376,1122845168;1119671508;-1031576370,1115815936;1103626240;-1045430272,1113434304;1103626240;-1043679874,1118891832;1103626240;-1050855456,-1052752254;1095124256;1102053376,-1025803326;1084329821;1102053376,-1024472945;1084329821;1102053376,-1029060465;1084329821;1102053376,1092362874;1131396836;0,1092362874;1131396836;0,1092362874;1131396836;0,1092362874;1131396836;-1036517376,1092362874;1131396836;0,1092362874;1131396836;0,1092362874;1131396836;1110966272,1115721363;1127590582;-1034583624,1119891914;1123802761;-1038623422,1119891914;1123802761;-1038623422,1120271055;1123138676;-1038990676,1120650196;1122474592;-1039357931,1121282098;1121367784;-1039970022,1115721363;1127590582;1112900024,1119891914;1123802761;1108860226,1119891914;1123802761;1108860226,1120271055;1123138676;1108492972,1120650196;1122474592;1108125717,1121282098;1121367784;1107513626,1090843416;1132517368;0,1088128876;1133105278;0,1100349440;1123035775;0,|1101407016;true;false
HALFKNEEL@0.8=1101004800;1122974246;0,1101004800;1122974246;-1045430272,1101004800;1122974246;1102053376,1122995432;1119554562;-1031578174,1115815936;1103626244;-1045430272,1113445399;1103626244;-1043617425,1118878250;1103626244;-1051161245,-1053282068;1094858056;1102053376,-1025874524;1082773002;1102053376,-1024544143;1082773002;1102053376,-1029131663;1082773002;1102053376,1093046399;1131363027;0,1093046399;1131363027;0,1093046399;1131363027;0,1093046399;1131363027;-1036517376,1093046399;1131363027;0,1093046399;1131363027;0,1093046399;1131363027;1110966272,1115814440;1127560495;-1034579446,1119992611;1123746460;-1038615764,1119992611;1123746460;-1038615764,1120372445;1123082728;-1038982702,1120752278;1122418995;-1039349640,1121385334;1121312774;-1039961203,1115814440;1127560495;1112904202,1119992611;1123746460;1108867884,1119992611;1123746460;1108867884,1120372445;1123082728;1108500946,1120752278;1122418995;1108134008,1121385334;1121312774;1107522445,1091432874;1132500218;0,1089119657;1133087883;0,1101004800;1122974246;0,|1101720480;true;false
HALFKNEEL@0.85=1101660160;1122910474;0,1101660160;1122910474;-1045430272,1101660160;1122910474;1102053376,1123145078;1119434022;-1031579960,1115815936;1103626244;-1045430272,1113457290;1103626244;-1043553084,1118863694;1103626244;-1051476290,-1053807480;1094581104;1102053376,-1025945494;1080259184;1102053376,-1024615113;1080259184;1102053376,-1029202633;1080259184;1102053376,1093730002;1131327900;0,1093730002;1131327900;0,1093730002;1131327900;0,1093730002;1131327900;-1036517376,1093730002;1131327900;0,1093730002;1131327900;0,1093730002;1131327900;1110966272,1115907081;1127528887;-1034575272,1120092452;1123686889;-1038608124,1120092452;1123686889;-1038608124,1120472940;1123023488;-1038974747,1120853428;1122360087;-1039341370,1121487576;1121254418;-1039952408,1115907081;1127528887;1112908376,1120092452;1123686889;1108875524,1120092452;1123686889;1108875524,1120472940;1123023488;1108508901,1120853428;1122360087;1108142278,1121487576;1121254418;1107531240,1092022459;1132482395;0,1090110792;1133069800;0,1101660160;1122910474;0,|1102035560;true;false
HALFKNEEL@0.9=1102315520;1122844425;0,1102315520;1122844425;-1045430272,1102315520;1122844425;1102053376,1123294072;1119309800;-1031581728,1115815936;1103626240;-1045430272,1113470040;1103626240;-1043486788,1118848086;1103626240;-1051800911,-1054327976;1094293440;1102053376,-1026016168;1077061372;1102053376,-1024685787;1077061372;1102053376,-1029273307;1077061372;1102053376,1094414043;1131291440;0,1094414043;1131291440;0,1094414043;1131291440;0,1094414043;1131291440;-1036517376,1094414043;1131291440;0,1094414043;1131291440;0,1094414043;1131291440;1110966272,1115999300;1127495726;-1034571102,1120191425;1123623968;-1038600501,1120191425;1123623968;-1038600501,1120572527;1122960876;-1038966810,1120953630;1122297784;-1039333119,1121588800;1121192631;-1039943634,1115999300;1127495726;1112912546,1120191425;1123623968;1108883147,1120191425;1123623968;1108883147,1120572527;1122960876;1108516838,1120953630;1122297784;1108150529,1121588800;1121192631;1107540014,1092612477;1132463891;0,1090810911;1133051022;0,1102315520;1122844425;0,|1102352224;true;false
HALFKNEEL@0.95=1102970880;1122776067;0,1102970880;1122776067;-1045430272,1102970880;1122776067;1102053376,1123442378;1119181806;-1031583471,1115815936;1103626240;-1045430272,1113483714;1103626240;-1043418471,1118831347;1103626240;-1052135432,-1054843528;1093994968;1102053376,-1026086545;1073821164;1102053376,-1024756164;1073821164;1102053376,-1029343684;1073821164;1102053376,1095098338;1131253628;0,1095098338;1131253628;0,1095098338;1131253628;0,1095098338;1131253628;-1036517376,1095098338;1131253628;0,1095098338;1131253628;0,1095098338;1131253628;1110966272,1116091066;1127460991;-1034566932,1120289487;1123557647;-1038592892,1120289487;1123557647;-1038592892,1120671162;1122894841;-1038958888,1121052836;1122232036;-1039324885,1121688961;1121127359;-1039934879,1116091066;1127460991;1112916716,1120289487;1123557647;1108890756,1120289487;1123557647;1108890756,1120671162;1122894841;1108524760,1121052836;1122232036;1108158763,1121688961;1121127359;1107548769,1093202828;1132427312;0,1091307318;1133031538;0,1102970880;1122776067;0,|1102670616;true;false
HALFKNEEL@1.0=1103626240;1122705366;0,1103626240;1122705366;-1045430272,1103626240;1122705366;1102053376,1123589952;1119049942;-1031585192,1115815936;1103626244;-1045430272,1113498383;1103626244;-1043348072,1118813390;1103626244;-1052480144,-1055353924;1093685616;1102053376,-1026156596;1067334760;1102053376,-1024826215;1067334760;1102053376,-1029413735;1067334760;1102053376,1095782895;1131214450;0,1095782895;1131214450;0,1095782895;1131214450;0,1095782895;1131214450;-1036517376,1095782895;1131214450;0,1095782895;1131214450;0,1095782895;1131214450;1110966272,1116182359;1127424656;-1034562763,1120386600;1123487856;-1038585295,1120386600;1123487856;-1038585295,1120768804;1122825312;-1038950980,1121151007;1122162768;-1039316664,1121788013;1121058528;-1039926139,1116182359;1127424656;1112920885,1120386600;1123487856;1108898353,1120386600;1123487856;1108898353,1120768804;1122825312;1108532668,1121151007;1122162768;1108166984,1121788013;1121058528;1107557509,1093793482;1132387527;0,1091804069;1133011342;0,1103626240;1122705366;0,|1102990816;true;false
